;;; -*-LISP-*-

(comment CIF code for SIMPLE)
(comment Small Integrated Microprocessor for LISP Expressions)
(comment <c> Copyright 1978 Guy L Steele Jr)
(comment warning! among the library cells which follow are some)
(comment which I have modified -- they bear cell numbers above 190)
(comment and are commented with names containing "steele")

(include regcel)

(defun xor (a b) (cond ((not a) b) (t (not b))))

(defun mostcar (x) (cond ((atom x) x) (t (mostcar (car x)))))

(layout small-input-pad (86 124) =
	(poly (14 72 106 108) (14 16 108 110)
	      (14 38 110 112) (36 38 112 114)
	      (14 38 114 116) (14 16 116 118)
	      (14 72 118 120) (40 46 118 122)
	      (48 72 114 116) (70 72 116 118)
	      (48 72 110 112) (48 50 112 114)
	      (70 72 108 110))
	(diff (14 22 80 86) (10 14 84 86) (10 12 34 86)
	      (12 20 34 36) (18 20 36 44) (20 28 42 44) (26 28 34 42)
	      (28 36 34 36) (34 36 36 44) (36 44 42 44) (42 44 34 42)
	      (44 52 34 36) (50 52 36 44) (52 60 42 44) (58 60 34 42)
	      (60 75 34 36) (73 75 36 104) (11 75 104 124))
	(metal (0 86 34 50) (0 6 50 90) (80 86 50 90)
	       (22 64 54 96) (14 22 80 86)
	       (0 80 109 124))
	(glasscut (24 62 56 94))
	(cuts (16 83 V) (20 83 V)
	      (43 111 H) (43 115 H) (43 120 H)))

(layout small-vdd-pad (86 124) =
	(metal (0 86 34 70) (0 64 34 96))			;VDD
	(glasscut (24 62 56 94)))

(layout small-gnd-pad (0 0) =
	(metal (90 176 22 64))					;GND
	(glasscut (136 174 24 62)))

(layout leftpads-connect (58 1286) =
	(poly (20 24 1220 1224) (20 22 1220 1320)		;IA2...
	      (20 474 1318 1320) (472 474 1000 1320)
	      (32 36 1206 1210) (32 34 1206 1314)		;IA0...
	      (32 468 1312 1314) (466 468 1000 1314)
	      (44 48 1192 1196) (44 46 1192 1308)		;IT1...
	      (44 462 1306 1308) (460 462 1000 1308)
)
	(diff (-10 5 120 124) (3 5 45 124) (3 120 45 49)		;IA6
	      (-10 10 200 204) (8 10 85 204) (8 120 85 89)	;IA5
	      (-10 15 280 284) (13 15 125 284) (13 120 125 129)	;IA4
	      (-10 20 360 364) (18 20 165 364) (18 120 165 169)	;IA3
	      (-10 0 750 822) (-10 25 818 822) (23 25 640 822)	;IA2...
	      (23 30 640 645) (28 30 505 645) (28 60 505 507)
	      (58 60 205 505) (58 96 205 209)
	      (-10 31 840 844) (29 31 650 844) (29 35 650 655)	;IA1...
	      (33 35 510 655) (33 65 510 512) (63 65 245 510)
	      (63 96 245 249)
	      (-10 37 920 924) (35 37 660 924) (35 40 660 665)	;IA0...
	      (38 40 515 665) (38 70 515 517) (68 70 285 515)
	      (68 96 285 289)
	      (-10 43 1000 1004) (41 43 670 1004) (41 45 670 675)	;IT2...
	      (43 45 520 675) (43 75 520 522) (73 75 325 520)
	      (73 96 325 329)
	      (-10 49 1080 1084) (47 49 680 1084) (47 50 680 685)	;IT1...
	      (48 50 525 685) (48 80 525 527) (78 80 365 525)
	      (78 96 365 369)
	      (-10 55 1160 1164) (53 55 530 1164) (53 85 530 532)	;IT0...
	      (83 85 405 530) (85 96 405 409)
	      (-10 7 678 700) (3 7 778 809)			;STUFF
	      (-10 24 598 602) (22 24 549 602) (21 25 549 553)	;FREEZE
	      (-10 10 508 512) (6 10 489 512) (6 42 489 493)	;PHI1...
	      (9 13 489 574)
	      (-10 52 453 457) (48 52 453 502) (16 52 498 502)	;PHI2...
	      (16 18 498 584) (15 19 580 584)
	      (26 30 1213 1217) (26 28 1213 1317)		;IA1...
	      (26 471 1315 1317) (469 471 1000 1317)
	      (38 42 1199 1203) (38 40 1199 1311)		;IT2...
	      (38 465 1309 1311) (463 465 1000 1311)
	      (50 54 1185 1189) (50 52 1185 1305)		;IT0...
	      (50 459 1303 1305) (457 459 1000 1305)
)
	(metal (30 160 489 492) (30 42 489 493)			;PHI1...
	       (9 13 570 574) (9 12 570 784) (9 60 780 784)
	       (40 160 453 456) (40 52 453 457)			;PHI2...
	       (15 19 580 775) (15 60 771 775)
	       (3 350 556 560) (346 350 556 568) (346 400 564 568)	;STUFF
	       (3 7 556 782) (3 60 805 809)
	       (21 360 549 553) (356 360 549 561) (356 398 557 561)	;FREEZE
	       (20 24 818 822) (20 23 822 1220) (20 24 1220 1224)	;IA2
	       (26 30 840 844) (26 29 844 1213) (26 30 1213 1217)	;IA1
	       (32 36 920 924) (32 35 924 1206) (32 36 1206 1210)	;IA0
	       (38 42 1000 1004) (38 41 1004 1199) (38 42 1199 1203)	;IT2
	       (44 48 1080 1084) (44 47 1084 1192) (44 48 1192 1196)	;IT1
	       (50 54 1160 1164) (50 53 1164 1185) (50 54 1185 1189)	;IT0

)
	(cuts (32 491 S) (36 491 S) (40 491 S) (11 572 S) 	;PHI1
	      (42 455 S) (46 455 S) (50 455 S) (17 582 S)	;PHI2
	      (22 820 S) (22 1222 S)				;IA2
	      (28 842 S) (28 1215 S)				;IA1
	      (34 922 S) (34 1208 S)				;IA0
	      (40 1002 S) (40 1201 S)				;IT2
	      (46 1082 S) (46 1194 S)				;IT1
	      (52 1162 S) (52 1187 S)				;IT0
	      (5 680 S) (5 686 S) (5 692 S) (5 698 S)		;STUFF...
	      (5 780 S) (5 807 S)
	      (23 551 S)					;FREEZE
)
)

(define leftpads
	(call leftpads-connect (trans 124 18))
	(call small-gnd-pad (trans 34 0))
	(do ((y 0 (+ y 1)))
	    ((= y 15)
	     (call small-vdd-pad (rotate 0 1) (trans 0 (- (* y -80) 86))))
	    (call small-input-pad (rotate 0 1) (trans 0 (- (* y -80) 86)))))

(comment origin of rightpads is at upper *right*)

(layout upper-output-pad-metal-hookup	(86 300) =
	(poly (64 70 118 131)
	      (71 75 100 109))					;for 8:1 ratio
	(metal (64 70 127 203))
	(cuts (67 129 H))
	(implant (71 75 100 109)))

(layout lower-output-pad-metal-hookup	(86 300) =
	(poly (64 70 118 131)
	      (71 75 100 109))					;for 8:1 ratio
	(metal (64 70 127 170))
	(cuts (67 129 H))
	(implant (71 75 100 109)))

(layout rightpads-connect (0 0) =
	(diff (924 926 18 670) (930 932 18 670) (936 938 18 670)	;vertical bus lines
	      (942 944 18 670) (948 950 18 670) (954 956 18 670)
	      (960 962 18 921) (966 968 18 921) (972 974 18 921)
	      (978 980 18 921) (984 986 18 921) (990 992 18 921)
	      (923 927 34 40) (929 933 114 120) (935 939 194 200)	;pad connections
	      (941 945 274 280) (947 951 354 360) (953 957 434 440)
	      (959 963 514 520) (965 969 594 600) (971 975 674 680)
	      (977 981 754 760) (983 987 834 840) (989 993 914 920)
	      (923 927 50 56) (929 933 90 96) (935 939 130 136)		;regout connections
	      (941 945 170 176) (947 951 210 216) (953 957 250 256)
	      (959 963 290 296) (965 969 330 336) (971 975 370 376)
	      (977 981 410 416) (983 987 450 456))
	(cuts (925 37 V) (931 117 V) (937 197 V)		;pad connections
	      (943 277 V) (949 357 V) (955 437 V)
	      (961 517 V) (967 597 V) (973 677 V)
	      (979 757 V) (985 837 V) (991 917 V)
	      (925 53 V) (931 93 V) (937 133 V)			;regout connections
	      (943 173 V) (949 213 V) (955 253 V)
	      (961 293 V) (967 333 V) (973 373 V)
	      (979 413 V) (985 453 V)))

(define rightpads
	(do ((y 0 (+ y 1)))
	    ((= y 12)
	     (do ((y y (+ y 1)))
		 ((= y 15)
		  (call 3 (rotate 0 -1) (trans 0 (* y -80))))	;OUTPUT PAD
		 (call small-input-pad (rotate 0 -1) (trans 0 (+ (* y -80))))))
	    (cond ((< y 6)
		   (call upper-output-pad-metal-hookup
			 (mirror x) (rotate 0 -1) (trans 0 (- (* y -80) 86))))
		  (t (call lower-output-pad-metal-hookup
			   (mirror x) (rotate 0 -1) (trans 0 (- (* y -80) 86)))))
	    (call 3 (mirror x) (rotate 0 -1) (trans 0 (- (* y -80) 86)))))	;12 OUTPUT PADS

(define register
	(do ((y 0 (+ y 1)))
	    ((= y 11)
	     (call regcell-driver (trans 0 (* y -40))))
	    (call regcell (trans 0 (* y -40)))))

(layout regout-hookup (300 40) =
	(diff (32 92 19 25) (78 92 19 51))
	(metal (78 209 45 51))
	(cuts (80 48 V) (85 48 V) (90 48 V)))

(define register-out
	(do ((y 0 (+ y 1)))
	    ((= y 11)
	     (call regout-driver (trans 0 (* y -40))))
	    (call regout-hookup (trans 0 (* y -40)))
	    (call regout (trans 0 (* y -40)))))

(define register-with-inc
	(call reginc-carry-1)
	(do ((y 1 (+ y 1)))
	    ((= y 8))
	    (call reginc (trans 0 (* y -40))))
	(do ((y 8 (+ y 1)))
	    ((= y 11))
	    (call regnoinc (trans 0 (* y -40))))
	(call reginc-driver (trans 0 (* 11 -40))))

(define register-with-zeroinc
	(call reginc-carry-1)
	(do ((y 1 (+ y 1)))
	    ((= y 8))
	    (call reginc (trans 0 (* y -40))))
	(do ((y 8 (+ y 1)))
	    ((= y 11))
	    (call zeroinc (trans 0 (* y -40))))
	(call reginc-driver (trans 0 (* 11 -40))))

(layout upper-evalregs-I-bus (400 4) =
	(metal (-58 250 0 3) (-69 -57 0 4))
	(cuts (-67 2 S) (-63 2 S) (-59 2 S)))

(layout lower-evalregs-I-bus (400 4) =
	(metal (-74 250 0 3) (-85 -73 0 4))
	(cuts (-83 2 S) (-79 2 S) (-75 2 S)))

(layout evalregs-GND (160 40) =
	(metal (-155 4 33 37)))

(layout evalregs-diff-I-bus (0 0) =
	(diff (-175 -156 -5 30) (-175 250 -5 -2)))

(define evalregs
	(call register-with-inc)
	(call evalregs-diff-I-bus)
	(call evalregs-GND)
	(do ((y 1 (+ y 1)))
	    ((= y 11)
	     (call evalregs-GND (trans 0 (+ 33 -15 -22 (* y -40)))))	;for driver
	    (call evalregs-GND (trans 0 (* y -40)))
	    (cond ((< y 5) (call upper-evalregs-I-bus (trans 0 (* y -40))))
		  (t (call lower-evalregs-I-bus (trans 0 (* y -40))))))
	(do ((x 0 (+ x 1)))
	    ((= x 4))
	    (call register (trans (+ 85 (* x 38)) 0))))

(define gcregs
	(call register-with-zeroinc (mirror x) (trans 87 0))
	(call register (trans 83 0))
	(call register (trans (+ 83 38) 0))
	(call register-out (trans (+ 83 (* 2 38)) 0)))

(define eaz-etz-logic
	(do ((y 0 (+ y 1)))
	    ((= y 8)
	     (do ((y y (+ y 1)))
		 ((= y 11)
		  (call eaz-etz-pullups-etc (trans 0 (* y -40))))
		 (call etz-cell (trans 0 (* y -40)))))
	    (call eaz-cell (trans 0 (* y -40)))))

(layout bus-connect-randomness (140 53) =
	(poly (3 5 0 15) (5 22 0 2)				;EA-LIT
	      (37 39 0 15) (30 39 0 2)				;ET-LIT
	      (102 104 0 15) (104 109 0 2)			;CONN-I
	      (115 117 0 8) (115 138 6 8) (136 138 6 15)	;CONN-EA
	      (140 142 0 15) (123 140 0 2)			;CONN-ET
	      (92 94 -85 68))					;GA-ZERO
	(diff (41 43 0 68) (47 49 0 68) (53 55 0 68))		;LIT0, LIT1, LIT2
	(metal (0 134 9 12)					;PHI2
	       (0 134 15 19)					;VDD
	       (0 134 37 41)					;GND
	       (0 134 44 47)					;PHI1
	       (0 134 64 68)))					;VDD

(define full-bus-connect
	(do ((y 0 (+ y 1)))
	    ((= y 11))
	    (call bus-connect (trans 0 (* y -40)))
	    (cond ((zerop y) (call bus-connect-diff-I))
		  (t (call bus-connect-metal-I (trans 0 (* y -40)))))
	    (cond ((< y 8) (call bus-connect-a (trans 0 (* y -40))))
		  (t (and (= y 8) (call bus-connect-t-once (trans 0 (* y -40))))
		     (call bus-connect-t (trans 0 (* y -40)))))
	    (caseq y
		   ((0 4 5 6 7) (call bus-connect-lit-gnd (trans 0 (* y -40))))
		   ((1 8) (call bus-connect-lit2 (trans 0 (* y -40))))
		   ((2 9) (call bus-connect-lit1 (trans 0 (* y -40))))
		   ((3 10) (call bus-connect-lit0 (trans 0 (* y -40))))
		   (t (error '|??? full-bus-connect| y 'fail-act))))
	(call clocked-phase1-driver (trans 2 (+ -15 (* 11 -40))))
	(call clocked-phase1-driver (mirror x) (trans 40 (+ -15 (* 11 -40))))
	(call clocked-phase1-driver (trans 101 (+ -15 (* 11 -40))))
	(call clocked-phase1-driver (mirror x) (trans 139 (+ -15 (* 11 -40))))
	(call clocked-phase1-driver (trans 139 (+ -15 (* 11 -40))))
	(call bus-connect-randomness (trans 0 (* 11 -40))))

(define allregs
	(call eaz-etz-logic)
	(call evalregs (trans 18 0))
	(call full-bus-connect (trans (+ 18 85 (* 4 38)) 0))
	(call gcregs (trans (+ 18 85 (* 4 38) 130) 0)))

(layout eval-state-dispatch-cell-crock (22 102) =
	(poly (2 6 10 14) (6 12 11 13)			;P
	      (0 2 0 7) (2 12 5 7))			;J
	(diff (3 10 0 4) (7 10 4 17))
	(cuts (7 2 H) (4 12 S)))

(layout gc-state-dispatch-cell-crock (22 102) =
	(poly (2 6 10 14) (6 12 11 13)			;P
	      (0 2 0 7) (2 12 5 7))			;J
	(diff (3 10 0 4) (7 10 4 17))
	(cuts (7 2 H) (4 12 S)))

(layout state-dispatch-cell (22 102) =			;REPLICATION X 22
	(poly (14 16 0 55) (8 16 55 57)			;K
	      (18 20 0 77) (8 20 77 79)			;-S
	      (5 11 20 32) (2 5 30 32) (0 2 30 87) (2 19 85 87)	;-JP
	      (4 12 38 50) (4 6 50 83) (6 19 81 83)	;-KQ
	      (8 16 59 61) (14 16 61 65) (12 16 65 69)	;Q
	      (4 12 90 96))				;PULLUP
	(diff (6 10 17 21)
	      (7 9 21 33) (6 12 33 37) (8 10 37 49)
	      (7 11 49 54) (10 13 51 64) (7 11 62 72)
	      (7 17 72 76) (10 17 76 89) (14 17 89 91)
	      (11 17 91 95) (15 17 95 102) (-2 11 92 94)
	      (-2 0 94 98) (-2 4 98 102))
	(metal (-2 20 0 4)				;GND
	       (-2 20 10 14)				;P
	       (6 10 17 23)
	       (-2 20 33 37)				;VDD
	       (7 11 47 53)
	       (-2 20 65 69)				;Q
	       (-2 20 72 76)				;GND
	       (9 15 91 95)
	       (-2 20 98 102))				;VDD
	(cuts (8 20 V) (9 35 H) (9 50 V)
	      (14 67 S) (10 74 H) (12 93 H) (1 100 H))
	(implant (7 9 20 32) (8 10 38 50) (4 12 92 94)))

(layout null-state-dispatch-cell (30 102) =
	(poly (18 20 23 91) (16 20 91 95))		;S
	(diff (14 17 95 102) (14 18 91 95))
	(metal (-2 20 10 14)				;P
	       (-2 20 65 69)				;Q
	       (14 20 91 95))
	(cuts (17 93 H)))

(define eval-state-dispatch
	(call state-dispatch-cell)
	(call state-dispatch-cell (trans 22 0))
	(call eval-state-dispatch-cell-crock (trans 22 0))
	(call state-dispatch-cell (trans 44 0))
	(call eval-state-dispatch-cell-crock (trans 44 0))
	(call null-state-dispatch-cell (trans 58 0)))

(define gc-state-dispatch
	(call state-dispatch-cell)
	(call gc-state-dispatch-cell-crock)
	(call state-dispatch-cell (trans 22 0))
	(call state-dispatch-cell (trans 44 0))
	(call state-dispatch-cell (trans 66 0)))

(layout gc-state-merge-randomness (222 270) =
	(poly (24 26 26 29) (24 28 22 26)			;NSTATE5...
	      (46 48 26 29) (46 50 22 26)			;NSTATE4...
	      (68 70 26 29) (68 72 22 26)			;NSTATE3...
	      (20 22 18 30) (20 35 18 20) (33 35 -78 20) (-20 35 -78 -76)	;GCOP3
	      (42 44 -82 30) (-20 44 -82 -80)			;GCOP2
	      (64 66 -86 30) (-20 66 -86 -84)			;GCOP1
	      (86 88 -90 30) (-20 88 -90 -88)			;GCOP0
	      (-23 -6 179 183) (-23 -21 179 400)		;I1
	      (-17 -6 193 197) (-17 -15 193 400)		;I3
	      (-11 -6 207 211) (-11 -9 207 400)			;I5
	      (6 8 22 30) (6 14 22 24) (12 14 10 24) (12 16 10 14)	;GA-ZERO...
	      (12 18 -160 -106)
	      (2 6 214 218) (2 4 162 214) (-7 4 162 164)	;PHI2...
	      (-7 -5 15 164) (-7 2 15 17) (-2 2 10 17)
	      (-6 -2 248 252) (-4 -2 168 252) (-14 -2 168 170)	;STUFF...
	      (-14 -12 10 170) (-16 -12 10 14)
	      (39 41 -160 -120) (39 88 -122 -120) (86 88 -122 -100)	;CONN-I
	      (86 235 -102 -100) (233 235 -100 88) (232 236 87 90)
	      (43 45 -160 -124) (43 92 -126 -124) (90 92 -126 -104)	;CONN-EA
	      (90 242 -106 -104) (240 242 -104 88) (239 243 87 90)
	      (77 79 -160 -128) (77 96 -130 -128) (94 96 -130 -108)	;CONN-ET
	      (94 249 -110 -108) (247 249 -108 88) (246 250 87 90)
	      (81 83 -160 -132) (81 100 -134 -132) (98 100 -134 -112)	;RDP+
	      (98 256 -114 -112) (254 256 -112 88) (253 257 87 90)
	      (115 117 -160 -116) (115 263 -118 -116) (261 263 -116 88) (260 264 87 90)	;RDP
	      (119 121 -160 -120) (119 270 -122 -120) (268 270 -120 88) (267 271 87 90)	;LDP
	      (153 155 -160 -124) (153 277 -126 -124) (275 277 -126 88) (274 278 87 90)	;LDQ
	      (157 159 -160 -128) (157 284 -130 -128) (282 284 -130 88) (281 285 87 90)	;RDQ
	      (191 193 -160 -132) (191 291 -134 -132) (289 291 -134 88) (288 292 87 90)	;LDR
	      (195 197 -160 -136) (195 298 -138 -136) (296 298 -138 88) (295 299 87 90)	;RDR
	      (229 231 -160 -140) (229 305 -142 -140) (303 305 -142 88) (302 306 87 90)	;LDS
	      (312 328 90 92)					;-PROBE (for ADR)
	      (334 338 185 189)					;PCB
	      (342 346 192 196)					;PCD
	      (350 354 199 203)					;PCF
	      (-3 0 54 58) (-3 -1 54 156) (-3 1 156 160)	;FREEZE...
	      (28 33 167 169) (33 37 166 170)
	      (42 47 167 169) (47 51 166 170)
	      (56 61 167 169) (61 65 166 170)
	      (70 75 167 169) (75 79 166 170)
	      (84 89 167 169) (89 93 166 170)
	      (98 103 167 169) (103 107 166 170)
	      (33 37 159 163) (37 42 160 162)			;-FREEZE...
	      (47 51 159 163) (51 56 160 162)
	      (61 65 159 163) (65 70 160 162)
	      (75 79 159 163) (79 84 160 162)
	      (89 93 159 163) (93 98 160 162)
	      (103 107 159 163) (107 112 160 162))
	(diff (65 67 131 158) (66 68 154 173)			;NS3
	      (43 45 131 136) (45 54 134 136) (52 54 136 173)	;NS4
	      (21 23 131 136) (23 40 134 136) (38 40 136 173)	;NS5
	      (-26 -6 172 176) (-26 -24 172 400)		;I0
	      (-20 -6 186 190) (-20 -18 186 400)		;I2
	      (-14 -6 200 204) (-14 -12 200 400)		;I4
	      (-1 3 223 227) (-1 1 165 227) (-10 1 165 167)	;PHI1...
	      (-10 -8 10 167) (-10 -5 10 14)
	      (-9 -5 -175 -106)
	      (-2 2 -214 -106)					;PHI2
	      (-1 5 54 58) (3 5 10 58) (3 9 10 14)		;FREEZE
	      (226 228 -94 96) (-40 228 -93 -91)		;-STEP-EVAL
	      (232 236 89 96) (239 243 89 96)			;CONN-I,CONN-EA
	      (246 250 89 96) (253 257 89 96) (260 264 89 96)	;CONN-ET,RDP+,RDP
	      (267 271 89 96) (274 278 89 96) (281 285 89 96)	;LDP,LDQ,RDQ
	      (288 292 89 96)					;LDR
	      (295 299 89 93) (295 297 93 96)			;RDR
	      (302 306 89 93) (303 305 93 96)			;LDS
	      (346 350 96 100)					;PCE
	      (338 342 103 107)					;PCC
	      (330 334 110 114)					;PCA
	      (392 396 130 134)					;P2
	      (404 408 137 141)					;P4
	      (416 420 144 148)					;P6
	      (386 390 151 155)					;P1
	      (398 402 158 162)					;P3
	      (410 414 165 169)					;P5
	      (316 320 82 94) (318 320 93 96) (416 420 82 88)	;ADR
	      (0 4 62 154) (4 8 127 131) (2 12 150 154)		;VDD...
	      (8 12 154 169))
	(metal (-3 1 156 169) (1 33 166 169)			;FREEZE
	       (-6 10 101 105) (-6 10 29 33) (-20 14 232 244)	;GND...
	       (-25 12 101 105) (-25 12 29 33) (-25 19 139 145)
	       (-3 3 54 58)					;FREEZE
	       (-10 19 172 176)					;I0
	       (-10 19 179 183)					;I1
	       (-10 19 186 190)					;I2
	       (-10 19 193 197)					;I3
	       (-10 19 200 204)					;I4
	       (-10 19 207 211)					;I5
	       (-16 -12 -101 14)				;STUFF
	       (-9 -5 -110 14) (-9 -5 -169 -163)		;PHI1
	       (-2 2 -110 14) (-2 2 -208 -202)			;PHI2
	       (5 9 -104 14)					;FREEZE
	       (12 16 -110 14)					;GA-ZERO
	       (232 236 87 93) (239 243 87 93)			;CONN-I,CONN-EA
	       (246 250 87 93) (253 257 87 93) (260 264 87 93)	;CONN-ET,RDP+,RDP
	       (267 271 87 93) (274 278 87 93) (281 285 87 93)	;LDP,LDQ,RDQ
	       (288 292 87 93) (295 299 87 93) (302 306 87 93)	;LDR,RDR,LDS
	       (316 420 82 88)					;ADR
	       (24 28 10 26) (26 116 10 13) (113 116 13 36)	;NS5...
	       (116 200 33 36) (196 200 36 55)
	       (46 50 16 26) (48 110 16 19) (107 110 19 42)	;NS4...
	       (110 185 39 42) (181 185 42 55)
	       (68 104 22 26) (101 104 26 48) (104 172 45 48)	;NS3...
	       (168 172 48 55)
	       (320 350 96 100)					;PCE
	       (320 342 103 107)				;PCC
	       (320 334 110 114)				;PCA
	       (320 396 130 134)				;P2
	       (320 408 137 141)				;P4
	       (320 420 144 148)				;P6
	       (320 390 151 155)				;P1
	       (320 402 158 162)				;P3
	       (320 414 165 169)				;P5
	       (320 338 185 189)				;PCB
	       (320 346 192 196)				;PCD
	       (320 354 199 203)				;PCF
	       (0 10 256 262) (0 4 62 78) (0 4 113 131))	;VDD
	(cuts (2 115 S) (2 120 S) (2 125 S) (2 129 S)		;VDD...
	      (2 64 S) (2 70 S) (2 76 S)
	      (-8 174 S)					;I0
	      (-8 181 S)					;I1
	      (-8 188 S)					;I2
	      (-8 195 S)					;I3
	      (-8 202 S)					;I4
	      (-8 209 S)					;I5
	      (348 98 S)					;PCE
	      (340 105 S)					;PCC
	      (332 112 S)					;PCA
	      (394 132 S)					;P2
	      (406 139 S)					;P4
	      (418 146 S)					;P6
	      (388 153 S)					;P1
	      (400 160 S)					;P3
	      (412 167 S)					;P5
	      (336 187 S)					;PCB
	      (344 194 S)					;PCD
	      (352 201 S)					;PCF
	      (1 225 S)						;PHI1
	      (4 216 S)						;PHI2
	      (-4 250 S)					;STUFF
	      (-1 158 S) (0 56 H)				;FREEZE
	      (-14 12 S)					;STUFF
	      (-7 12 S) (-7 -108 S) (-7 -166 V)			;PHI1
	      (0 12 S) (0 -108 S) (0 -205 V)			;PHI2
	      (7 12 S)						;FREEZE
	      (14 12 S) (14 -108 S)				;GA-ZERO
	      (234 90 V) (241 90 V) (248 90 V)			;CONN-I,CONN-EA,CONN-ET
	      (255 90 V) (262 90 V) (269 90 V) (276 90 V)	;RDP+,RDP,LDP,LDQ
	      (283 90 V) (290 90 V) (297 90 V) (304 90 V)	;RDQ,LDR,RDR,LDS
	      (318 85 V) (418 85 V)				;ADR
	      (26 24 S) (48 24 S) (70 24 S)			;NS5-NS3
	      (154 53 H) (170 53 S) (183 53 S) (198 53 S)))	;NS2-NS5

(layout eval-state-merge-randomness (222 270) =
	(poly (32 34 26 29) (30 34 22 26)			;NSTATE5...
	      (54 56 26 29) (52 56 22 26)			;NSTATE4...
	      (78 169 47 49) (166 169 48 55)			;NS3
	      (362 366 96 100) (364 366 27 100) (364 450 27 31)		;PCE
	      (368 372 110 114) (370 372 41 114) (370 450 41 45)	;PCA
	      (374 378 137 141) (376 378 55 141) (376 450 55 59)	;P4
	      (375 384 151 155) (382 384 69 155) (382 450 69 73)	;P1
	      (375 390 165 169) (388 390 83 169) (388 450 83 87)	;P5
	      (375 396 192 196) (394 396 97 196) (394 450 97 101)	;PCD
	      (743 747 90 94)					;PCB
	      (751 755 97 101)					;PCD
	      (759 763 104 108)					;PCF
	      (28 33 160 162) (33 37 159 163)			;FREEZE...
	      (42 47 160 162) (47 51 159 163)
	      (56 61 160 162) (61 65 159 163)
	      (70 75 160 162) (75 79 159 163)
	      (84 89 160 162) (89 93 159 163)
	      (98 103 160 162) (103 107 159 163)
	      (33 37 166 170) (37 42 167 169)			;-FREEZE...
	      (47 51 166 170) (51 56 167 169)
	      (61 65 166 170) (65 70 167 169)
	      (75 79 166 170) (79 84 167 169)
	      (89 93 166 170) (93 98 167 169)
	      (103 107 166 170) (107 112 167 169)
	      (26 28 9 31) (26 48 9 11) (46 48 -50 11)		;ET0
	      (36 38 13 31) (36 53 13 15) (51 53 -50 15)	;EAZ
	      (48 50 17 31) (48 58 17 19) (56 58 -50 19)	;ET1
	      (58 60 21 31) (58 63 21 23) (61 63 -50 23)	;ETZ
	      (72 74 25 31) (66 74 25 27) (66 68 -50 27)	;ET2
	      (126 128 -50 -14) (126 228 -16 -14) (226 228 -16 88) (225 229 87 90)	;LDX
	      (130 132 -50 -18) (130 235 -20 -18) (233 235 -20 88) (232 236 87 90)	;RDX
	      (164 166 -50 -22) (164 242 -24 -22) (240 242 -24 88) (239 243 87 90)	;RDX+
	      (211 213 -50 -26) (211 249 -28 -26) (247 249 -28 88) (246 250 87 90)	;LDV
	      (215 217 -50 -30) (215 256 -32 -30) (254 256 -32 88) (253 257 87 90)	;RDV
	      (249 251 -50 -34) (249 263 -36 -34) (261 263 -36 88) (260 264 87 90)	;LDN
	      (253 255 -50 -38) (253 270 -40 -38) (268 270 -40 88) (267 271 87 90)	;RDN
	      (287 289 -50 -38) (275 289 -40 -38) (275 277 -40 88) (274 278 87 90)	;LDL
	      (291 293 -50 -34) (282 293 -36 -34) (282 284 -36 88) (281 285 87 90)	;RDL
	      (325 327 -50 -30) (289 327 -32 -30) (289 291 -32 88) (288 292 87 90)	;LDC
	      (329 331 -50 -26) (296 331 -28 -26) (296 298 -28 88) (295 299 87 90)	;RDC
	      (363 365 -50 -22) (303 365 -24 -22) (303 305 -24 88) (302 306 87 90)	;EA-LIT
	      (367 369 -50 -18) (310 369 -20 -18) (310 312 -20 88) (309 313 87 90)	;ET-LIT
	      (347 450 11 13) (347 349 11 26) (338 349 24 26)	;GCOP0...
	      (338 340 24 88) (337 341 87 90)
	      (351 450 15 17) (351 353 15 30) (345 353 28 30)	;GCOP1...
	      (345 347 28 88) (344 348 87 90)
	      (355 450 19 21) (355 357 19 34) (352 357 32 34)	;GCOP2...
	      (352 354 32 88) (351 355 87 90)
	      (359 450 23 25) (359 361 23 88) (358 362 87 90)	;GCOP3
	      (5 7 -4 36) (5 11 -8 -4)				;FREEZE
	      (334 338 0 4) (338 406 0 2) (404 430 -2 0) (428 432 -2 4)
	      (11 13 11 36) (11 17 7 11)			;-STEP-EVAL
	      (5 13 50 55) (5 7 50 156) (5 9 156 160))		;-FREEZE-EVAL
	(diff (0 4 29 244)					;GND
	      (0 22 29 33) (8 10 33 46) (8 12 46 51) (9 11 51 62)	;FREEZE NOR
	      (73 75 131 136) (68 73 134 136) (66 68 134 173)	;NS3
	      (51 53 131 136) (52 54 133 173)			;NS4
	      (29 31 131 136) (31 40 134 136) (38 40 136 173)	;NS5
	      (-8 -4 172 176)					;I0
	      (-14 -10 179 183)					;I1
	      (-20 -16 186 190)					;I2
	      (-26 -22 193 197)					;I3
	      (-32 -28 200 204)					;I4
	      (-38 -34 207 211)					;I5
	      (365 369 103 107) (367 369 34 107) (367 450 34 38)	;PCC
	      (371 375 130 134) (373 375 48 134) (373 450 48 52)	;P2
	      (375 381 144 148) (379 381 62 148) (379 450 62 66)	;P6
	      (375 387 158 162) (385 387 76 162) (385 450 76 80)	;P3
	      (375 393 185 189) (391 393 90 189) (391 450 90 94)	;PCB
	      (375 399 199 203) (397 399 104 203) (397 450 104 108)	;PCF
	      (755 759 27 31)					;PCE
	      (747 751 34 38)					;PCC
	      (739 743 41 45)					;PCA
	      (779 783 48 52)					;P2
	      (791 795 55 59)					;P4
	      (803 807 62 66)					;P6
	      (773 777 69 73)					;P1
	      (785 789 76 80)					;P3
	      (797 801 83 87)					;P5
	      (225 229 89 96) (232 236 89 96) (239 243 89 96)	;LDX,RDX,RDX+
	      (246 250 89 96) (253 257 89 96) (260 264 89 96)	;LDV,RDV,LDN
	      (267 271 89 96) (274 278 89 96) (281 285 89 96)	;RDN,LDL,RDL
	      (288 292 89 96)					;LDC
	      (295 299 89 93) (295 297 93 96)			;RDC
	      (302 306 89 93) (303 305 93 96)			;EA-LIT
	      (309 313 89 93) (310 312 93 96)			;ET-LIT
	      (386 388 -50 -14) (318 388 -16 -14) (318 320 -16 98)	;LIT0
	      (392 394 -50 -8) (323 394 -10 -8) (323 325 -10 98)	;LIT1
	      (398 400 -50 -2) (331 400 -4 -2) (331 333 -4 98)	;LIT2
	      (337 341 89 93) (338 340 93 96)			;GCOP0
	      (344 348 89 93) (346 348 93 96)			;GCOP1
	      (351 355 89 93) (351 353 93 96)			;GCOP2
	      (358 362 89 93) (359 361 93 96)			;GCOP3
	      (336 341 7 11) (339 341 3 11) (339 410 3 5) (407 411 1 5)	;STUFF
	      (336 346 14 18) (344 346 8 18) (344 450 8 10)	;-STEP-EVAL
	      (8 12 62 154) (12 16 127 131) (10 14 150 169)	;VDD...
	      (8 14 165 169))
	(metal (-60 14 232 244) (0 19 139 145) (0 4 96 110)	;GND...
	       (4 12 101 105) (0 4 29 43) (4 12 29 33)
	       (5 9 156 169) (6 33 166 169)			;FREEZE
	       (8 12 47 53)					;FREEZE NOR
	       (-8 19 172 176)					;I0
	       (-14 19 179 183)					;I1
	       (-20 19 186 190)					;I2
	       (-26 19 193 197)					;I3
	       (-32 19 200 204)					;I4
	       (-38 19 207 211)					;I5
	       (225 229 87 93) (232 236 87 93) (239 243 87 93)	;LDX,RDX,RDX+
	       (246 250 87 93) (253 257 87 93) (260 264 87 93)	;LDV,RDV,LDN
	       (267 271 87 93) (274 278 87 93) (281 285 87 93)	;RDN,LDL,RDL
	       (288 292 87 93) (295 299 87 93) (302 306 87 93)	;LDC,RDC,EA-LIT
	       (309 313 87 93)					;ET-LIT
	       (337 341 87 93)					;GCOP0
	       (344 348 87 93)					;GCOP1
	       (351 355 87 93)					;GCOP2
	       (358 362 87 93)					;GCOP3
	       (11 140 7 11) (136 140 7 18) (136 342 14 18)	;-STEP-EVAL
	       (30 34 16 26) (34 116 16 19) (113 116 19 42)	;NS5...
	       (116 200 39 42) (196 200 42 55)
	       (52 56 22 26) (56 110 22 25) (107 110 25 48)	;NS4...
	       (110 185 45 48) (181 185 48 55)
	       (166 172 51 55)					;NS3
	       (446 759 27 31)					;PCE
	       (446 751 34 38)					;PCC
	       (446 743 41 45)					;PCA
	       (446 783 48 52)					;P2
	       (446 795 55 59)					;P4
	       (446 807 62 66)					;P6
	       (446 777 69 73)					;P1
	       (446 789 76 80)					;P3
	       (446 801 83 87)					;P5
	       (446 747 90 94)					;PCB
	       (446 755 97 101)					;PCD
	       (446 763 104 108)				;PCF
	       (0 10 256 262) (8 12 62 78) (8 12 113 131))	;VDD
	(cuts (10 115 S) (10 120 S) (10 125 S) (10 129 S)	;VDD...
	      (10 64 S) (10 70 S) (10 76 S)
	      (7 158 S) (336 2 S) (430 1 V)			;FREEZE
	      (32 24 S) (54 24 S)				;NS5-NS4
	      (154 53 H) (169 53 H) (183 53 S) (198 53 S)	;NS2-NS5
	      (-6 174 S) (-12 181 S) (-18 188 S)		;I0-I2
	      (-24 195 S) (-30 202 S) (-36 209 S)		;I3-I5
	      (227 90 V) (234 90 V) (241 90 V) (248 90 V)	;LDX,RDX,RDX+,LDV
	      (255 90 V) (262 90 V) (269 90 V) (276 90 V)	;RDV,LDN,RDN,LDL
	      (283 90 V) (290 90 V) (297 90 V) (304 90 V)	;RDL,LDC,RDC,EA-LIT
	      (311 90 V)					;ET-LIT
	      (339 90 V) (346 90 V) (353 90 V) (360 90 V)	;GCOP0,GCOP1,GCOP2,GCOP3
	      (338 9 S) (409 3 S)				;STUFF
	      (339 16 H)					;-STEP-EVAL
	      (10 50 V)						;FREEZE NOR
	      (364 98 S) (448 29 S) (757 29 S)			;PCE
	      (367 105 S) (448 36 S) (749 36 S)			;PCC
	      (370 112 S) (448 43 S) (741 43 S)			;PCA
	      (373 132 S) (448 50 S) (781 50 S)			;P2
	      (376 139 S) (448 57 S) (793 57 S)			;P4
	      (377 146 S) (448 64 S) (805 64 S)			;P6
	      (377 153 S) (448 71 S) (775 71 S)			;P1
	      (377 160 S) (448 78 S) (787 78 S)			;P3
	      (377 167 S) (448 85 S) (799 85 S)			;P5
	      (377 187 S) (448 92 S) (745 92 S)			;PCB
	      (377 194 S) (448 99 S) (753 99 S)			;PCD
	      (377 201 S) (448 106 S) (761 106 S)		;PCF
	      (8 -6 H)						;FREEZE
	      (14 9 H)						;-STEP-EVAL
	      (2 234 S) (2 238 S) (2 242 S)			;GND...
	      (16 31 S) (20 31 S) (2 31 S) (2 36 S) (2 41 S)
	      (2 98 S) (2 103 S) (2 108 S)
	      (2 142 V))
	(implant (9 11 50 55)))					;FREEZE NOR

(layout state-merge (222 270) =					;222 up from PlaIn
	(poly (30 108 176 178) (30 32 178 218) (20 30 216 218)	;-STUFF...
	      (20 22 218 232) (22 27 230 232) (25 27 232 255)
	      (24 27 249 253) (18 27 255 263)
	      (20 22 170 214) (16 20 212 214) (16 18 214 250)	;STUFF...
	      (18 23 244 246) (14 18 248 252)
	      (24 28 223 227)					;PHI1
	      (114 120 214 218) (118 120 218 280) (120 130 278 280)	;PHI2
	      (15 26 146 148) (24 26 148 165) (24 28 165 169)	;FREEZE
	      (16 22 152 161)					;-FREEZE
	      (92 151 52 54) (151 154 51 55))			;NSTATE2
	(diff (30 34 140 144) (30 32 144 173)			;OS5
	      (44 48 140 144) (44 46 144 173)			;OS4
	      (58 62 146 150) (58 60 150 173)			;OS3
	      (87 89 131 134) (80 87 132 134) (80 82 134 173)	;NS2
	      (72 76 152 156) (72 74 156 173)			;OS2
	      (86 88 138 173) (88 112 138 140) (110 112 79 138)	;OS1...
	      (112 152 79 81) (150 152 81 96)
	      (94 96 144 173) (96 118 144 146) (116 118 85 144)	;NS1...
	      (118 144 85 87) (142 144 87 96)
	      (100 102 150 173) (102 124 150 152) (122 124 91 150)	;OS0...
	      (124 137 91 93) (135 137 93 96)
	      (108 110 156 173) (110 128 156 158)		;NS0
	      (30 40 173 175) (34 36 175 223) (36 38 207 211)	;S5
	      (44 54 173 175) (48 50 175 223) (46 50 200 204)	;S4
	      (58 68 173 175) (62 64 175 223) (60 64 193 197)	;S3
	      (72 82 173 175) (76 78 175 223) (74 78 186 190)	;S2
	      (86 96 173 175) (90 92 175 223) (88 92 179 183)	;S1
	      (100 110 173 175) (104 106 175 223) (102 106 179 183)	;S0
	      (15 27 172 176)					;I0
	      (15 27 179 183)					;I1
	      (15 27 186 190)					;I2
	      (15 27 193 197)					;I3
	      (15 27 200 204)					;I4
	      (15 27 207 211)					;I5
	      (8 12 165 262) (0 12 256 262)			;VDD
	      (12 20 165 167) (18 20 149 165) (17 21 149 153)	;FREEZE inverter...
	      (17 19 145 149) (15 19 139 145)
	      (10 12 262 266) (10 22 264 266) (20 22 253 264)	;STUFF inverter...
	      (19 24 249 253) (19 21 242 253) (19 23 238 242)
	      (155 157 55 96) (153 157 51 55)			;NS2
	      (163 165 92 96) (161 165 88 92)			;OS2
	      (170 172 55 96) (168 172 51 55)			;NS3
	      (178 180 86 96) (176 180 82 86)			;OS3
	      (183 185 55 96) (181 185 51 55)			;NS4
	      (191 193 80 96) (190 194 76 80)			;OS4
	      (198 200 55 96) (196 200 51 55)			;NS5
	      (206 208 74 96) (204 208 70 74)			;OS5
	      (211 213 68 96) (211 215 64 68)			;Q
	      (219 221 62 96) (218 222 58 62))			;P
	(metal (151 157 51 55)					;NS2
	       (92 98 39 43) (95 98 43 61) (98 222 58 61)	;P...
	       (218 222 58 62)
	       (92 98 94 98) (95 98 64 94) (95 215 64 67)	;Q...
	       (211 215 64 68)
	       (30 34 134 144) (34 104 134 137) (101 104 70 137)	;OS5...
	       (104 208 70 73) (204 208 70 74)
	       (44 48 140 144) (48 110 140 143) (107 110 76 143)	;OS4...
	       (110 194 76 79) (190 194 76 80)
	       (58 62 146 150) (62 116 146 149) (113 116 82 149)	;OS3...
	       (116 180 82 85) (176 180 82 86)
	       (72 122 152 156) (119 122 88 156) (122 165 88 91)	;OS2...
	       (161 165 88 92)
	       (17 21 149 155) (21 27 152 155) (24 27 155 159)	;-FREEZE...
	       (24 33 159 162) (33 107 159 163)
	       (24 28 165 169) (33 107 166 170)			;FREEZE...
	       (23 27 172 176) (27 106 173 176) (102 106 176 183)	;I0
	       (23 92 179 183)					;I1
	       (23 78 186 190)					;I2
	       (23 64 193 197)					;I3
	       (23 50 200 204)					;I4
	       (23 38 207 211)					;I5
	       (-12 28 223 227)					;PHI1
	       (-12 120 214 218)				;PHI2
	       (-12 18 248 252)					;STUFF
	       (21 27 249 253))					;-STUFF
	(cuts (21 240 S) (24 251 H) (16 250 S)			;STUFF inverter
	      (2 259 V) (6 259 V)				;VDD...
	      (26 225 S)					;PHI1
	      (117 216 H)					;PHI2
	      (17 174 S) (25 174 S) (104 181 S)			;I0
	      (17 181 S) (25 181 S) (90 181 S)			;I1
	      (17 188 S) (25 188 S) (76 188 S)			;I2
	      (17 195 S) (25 195 S) (62 195 S)			;I3
	      (17 202 S) (25 202 S) (48 202 S)			;I4
	      (17 209 S) (25 209 S) (36 209 S)			;I5
	      (35 161 S) (49 161 S) (63 161 S)			;-FREEZE...
	      (77 161 S) (91 161 S) (105 161 S)
	      (19 152 V) (17 142 V)
	      (35 168 S) (49 168 S) (63 168 S)			;FREEZE...
	      (77 168 S) (91 168 S) (105 168 S) (26 167 S)
	      (32 142 S) (46 142 S) (60 148 S) (74 154 S)	;OS5-OS2
	      (163 90 S) (178 84 S) (192 78 S) (206 72 S)	;OS2-OS5
	      (213 66 S) (220 60 S))				;P,Q
	(implant (18 20 152 161) (20 22 255 263)))

(layout probe-mux-column-left (28 121) =
	(poly (0 4 113 116) (1 3 116 121)
	      (7 11 113 116) (7 9 116 120) (5 7 118 121))
	(diff (0 2 0 110) (8 10 0 19) (8 10 88 110)
	      (0 4 110 114) (7 11 110 114))
	(metal (0 28 0 4) (0 28 7 11) (0 28 14 18)
	       (0 28 34 38) (0 28 41 45) (0 28 48 52)
	       (0 28 55 59) (0 28 62 66) (0 28 69 73)
	       (0 28 89 93) (0 28 96 100) (0 28 103 107)
	       (0 4 110 116) (7 11 110 116))
	(cuts (2 113 V) (9 113 V)))

(layout probe-mux-column-right (28 121) =
	(poly (14 18 113 116) (15 17 116 121)
	      (21 25 113 116) (21 23 116 120) (19 21 118 121))
	(diff (23 25 0 110) (15 17 0 19) (15 17 88 110)
	      (0 4 110 114) (7 11 110 114) (14 18 110 114) (21 25 110 114))
	(metal (14 18 110 116) (21 25 110 116))
	(cuts (16 113 V) (23 113 V)))

(define probe-mux-column
	(call probe-mux-column-left)
	(call probe-mux-column-right))

(layout probe-mux-ab-ctl (28 121) =
	(poly (3 7 14 18) (3 5 18 19)
	      (18 22 14 18) (20 22 18 19)
	      (3 7 89 93) (3 5 88 89)
	      (18 22 89 93) (20 22 88 89))
	(cuts (5 16 S) (20 16 S) (5 91 S) (20 91 S)))

(layout probe-mux-cd-ctl (28 121) =
	(poly (3 7 7 11) (3 5 11 19)
	      (18 22 7 11) (20 22 11 19)
	      (3 7 96 100) (3 5 88 96)
	      (18 22 96 100) (20 22 88 96))
	(cuts (5 9 S) (20 9 S) (5 98 S) (20 98 S)))

(layout probe-mux-e-ctl (28 121) =
	(poly (3 7 0 4) (3 5 4 19)
	      (3 7 103 107) (3 5 88 103))
	(cuts (5 2 S) (5 105 S)))

(layout probe-mux-f-ctl (28 121) =
	(poly (18 22 0 4) (20 22 4 19)
	      (18 22 103 107) (20 22 88 103))
	(cuts (20 2 S) (20 105 S)))

(layout probe-mux-12-ctl (28 121) =
	(poly (3 5 19 53) (5 10 51 53)
	      (20 22 19 33)
	      (3 5 60 88)
	      (20 22 39 88) (15 20 39 41))
	(diff (8 10 19 21) (6 8 19 64) (2 8 62 64)
	      (5 9 55 59) (8 14 48 50) (12 14 50 69)
	      (8 12 67 69) (8 10 69 88)
	      (15 17 19 26) (11 15 24 26) (11 13 26 44)
	      (13 17 42 44) (17 23 29 31) (17 19 31 74)
	      (16 20 34 38) (15 17 72 88))
	(cuts (7 57 S) (18 36 S)))

(layout probe-mux-34-ctl (28 121) =
	(poly (3 5 19 60) (5 10 58 60)
	      (20 22 19 40)
	      (3 5 67 88)
	      (20 22 46 88) (15 20 46 48))
	(diff (8 10 19 28) (6 8 26 71) (2 8 69 71)
	      (5 9 62 66) (8 14 55 57) (12 14 57 76)
	      (8 12 74 76) (8 10 76 88)
	      (15 17 19 33) (11 15 31 33) (11 13 33 51)
	      (13 17 49 51) (17 23 36 38) (17 19 38 81)
	      (16 20 41 45) (15 17 79 88))
	(cuts (7 64 S) (18 43 S)))

(layout probe-mux-5-ctl (28 121) =
	(poly (3 5 19 67) (5 10 65 67)
	      (3 5 74 88))
	(diff (8 10 19 35) (6 8 33 78) (2 8 76 78)
	      (5 9 69 73) (8 14 62 64) (12 14 64 83)
	      (8 12 81 83) (8 10 83 88))
	(cuts (7 71 S)))

(layout probe-mux-6-ctl (28 121) =
	(poly (20 22 19 47)
	      (20 22 53 88) (15 20 53 55))
	(diff (15 17 19 40) (11 15 38 40) (11 13 40 58)
	      (13 17 56 58) (17 23 43 45) (17 19 45 88)
	      (16 20 48 52) (15 17 86 88))
	(cuts (18 50 S)))

(define eval-probe-mux
	(do ((x0 0 (+ x0 1)))
	    ((= x0 3))
	    (do ((x1 0 (+ x1 1)))
		((= x1 3))
		(cond ((and (= x0 2) (= x1 2))
		       (call probe-mux-column-left (trans (+ (* x0 (* 14 6)) (* x1 28)) 0)))
		      (t (call probe-mux-column (trans (+ (* x0 (* 14 6)) (* x1 28)) 0))))
		(caseq x0
		       ((0) (call probe-mux-ab-ctl (trans (+ (* x0 (* 14 6)) (* x1 28)) 0)))
		       ((1) (call probe-mux-cd-ctl (trans (+ (* x0 (* 14 6)) (* x1 28)) 0)))
		       ((2) (call probe-mux-e-ctl (trans (+ (* x0 (* 14 6)) (* x1 28)) 0))
			    (or (= x1 2)
				(call probe-mux-f-ctl (trans (+ (* x0 (* 14 6)) (* x1 28)) 0)))))
		(caseq x1
		       ((0) (call probe-mux-12-ctl (trans (+ (* x0 (* 14 6)) (* x1 28)) 0)))
		       ((1) (call probe-mux-34-ctl (trans (+ (* x0 (* 14 6)) (* x1 28)) 0)))
		       ((2) (call probe-mux-5-ctl (trans (+ (* x0 (* 14 6)) (* x1 28)) 0))
			    (or (= x0 2)
				(call probe-mux-6-ctl (trans (+ (* x0 (* 14 6)) (* x1 28)) 0))))))))

(define gc-probe-mux
	(do ((x0 0 (+ x0 1)))
	    ((= x0 3))
	    (do ((x1 0 (+ x1 1)))
		((or (= x1 3) (and (= x1 1) (= x0 2))))
		(call probe-mux-column (trans (+ (* x0 (* 14 6)) (* x1 28)) 0))
		(caseq x0
		       ((0) (call probe-mux-ab-ctl (trans (+ (* x0 (* 14 6)) (* x1 28)) 0)))
		       ((1) (call probe-mux-cd-ctl (trans (+ (* x0 (* 14 6)) (* x1 28)) 0)))
		       ((2) (call probe-mux-e-ctl (trans (+ (* x0 (* 14 6)) (* x1 28)) 0))
			    (call probe-mux-f-ctl (trans (+ (* x0 (* 14 6)) (* x1 28)) 0))))
		(caseq x1
		       ((0) (call probe-mux-12-ctl (trans (+ (* x0 (* 14 6)) (* x1 28)) 0)))
		       ((1) (call probe-mux-34-ctl (trans (+ (* x0 (* 14 6)) (* x1 28)) 0)))
		       ((2) (call probe-mux-5-ctl (trans (+ (* x0 (* 14 6)) (* x1 28)) 0))
			    (call probe-mux-6-ctl (trans (+ (* x0 (* 14 6)) (* x1 28)) 0)))))))

(layout eval-pla-random-metal (0 0) =
	(diff (372 396 29 365))
	(metal (9 17 9 464) (17 377 9 17) (17 114 458 464)	;VDD left...
	       (10 30 -25 9) (100 120 -25 9)
	       (377 385 9 503)	;VDD right...
	       (129 377 472 481) (129 377 494 503) (375 385 -25 9)
	       (388 406 9 740)				;GND right for tying through diff
	       (113 126 22 26) (122 126 26 29)		;GND top middle
	       (370 374 435 460) (126 370 452 459)	;GND lower right
	       (122 126 435 438) (117 126 438 483)	;GND lower middle...
	       (113 119 438 442) (0 119 476 483)))

(layout pla-gnd-cuts-cell (0 14) =
	(cuts (2 2 S) (6 2 S) (2 9 S) (6 9 S) (2 16 S) (6 16 S) (2 23 S) (6 23 S)))

(define pla-gnd-cuts
	(do ((y 0 (+ y 2)))
	    ((= y 24))
	    (call pla-gnd-cuts-cell (trans 0 (+ -29 (* y -14))))))

(layout pla-flash (4 4) = (diff (0 4 0 4)))

(define eval-pla-and-column-cell
	(call 199 (mirror y) (trans 0 -29))		;SteelePlaGround
	(do ((y 0 (+ y 1))
	     (maxy (// (+ 2 (get 'eval 'maxindex)) 2)))
	    ((= y maxy)
	     (call 14 (trans 0 (+ -29 (* -14 maxy)))))	;PlaGround
	    (call 11 (trans 0 (+ -29 (* y -14))))))	;PlaCellPair

(defun eval-pla-and-column (bitname parity xorg yorg)	;parity = nil for left of PlaInPair
       (call eval-pla-and-column-cell (trans xorg yorg))
       (do ((y 0 (+ y 1))
	    (bitfield (get bitname 'eval))
	    (maxy (// (+ 2 (get 'eval 'maxindex)) 2)))
	   ((= y maxy))
	   (let ((bit0 (not (zerop (boole 1 bitfield (arraycall t eval (* y 2))))))
		 (bit1 (not (zerop (boole 1 bitfield (arraycall t eval (+ (* y 2) 1)))))))
		(cond ((or (and bit0 parity) (and (not bit0) (not parity)))
		       (call pla-flash (trans (+ xorg 4)
					      (+ yorg -29 (* y -14) -9))))
		      (t (call pla-flash (trans (+ xorg 10)
						(+ yorg -29 (* y -14) -9)))))
		(cond ((or (and bit1 parity) (and (not bit1) (not parity)))
		       (call pla-flash (trans (+ xorg 4)
					      (+ yorg -29 (* y -14) -2))))
		      (t (call pla-flash (trans (+ xorg 10)
						(+ yorg -29 (* y -14) -2))))))))

(layout pla-or-0001-flash (14 14) = (diff (8 12 4 8)))
(layout pla-or-0010-flash (14 14) = (diff (8 12 10 14)))
(layout pla-or-0011-flash (14 14) = (diff (8 12 10 14) (8 12 4 8)))
(layout pla-or-0100-flash (14 14) = (diff (1 5 4 8)))
(layout pla-or-0101-flash (14 14) = (diff (1 5 4 8) (8 12 4 8)))
(layout pla-or-0110-flash (14 14) = (diff (1 5 4 8) (8 12 10 14)))
(layout pla-or-0111-flash (14 14) = (diff  (1 5 4 8) (8 12 10 14) (8 12 4 8)))
(layout pla-or-1000-flash (14 14) = (diff (1 5 10 14)))
(layout pla-or-1001-flash (14 14) = (diff (1 5 10 14) (8 12 4 8)))
(layout pla-or-1010-flash (14 14) = (diff (1 5 10 14) (8 12 10 14)))
(layout pla-or-1011-flash (14 14) = (diff (1 5 10 14) (8 12 10 14) (8 12 4 8)))
(layout pla-or-1100-flash (14 14) = (diff (1 5 10 14) (1 5 4 8)))
(layout pla-or-1101-flash (14 14) = (diff (1 5 10 14) (1 5 4 8) (8 12 4 8)))
(layout pla-or-1110-flash (14 14) = (diff (1 5 10 14) (1 5 4 8) (8 12 10 14)))
(layout pla-or-1111-flash (14 14) = (diff (1 5 10 14) (1 5 4 8) (8 12 10 14) (8 12 4 8)))

(define eval-pla-or-column-cell
	(call 12 (rotate 0 -1) (trans 14 0))		;PullupPair
	(do ((y 0 (+ y 1))
	     (maxy (// (+ 2 (get 'eval 'maxindex)) 2)))
	    ((= y maxy)
	     (call 17 (trans 0 (+ -29 (* -14 maxy)))))	;PlaOut
	    (call 11 (rotate 0 -1)
		  (trans 14 (+ -29 (* y -14))))))	;PlaCellPair

(defun eval-pla-or-column (bitname0 bitname1 xorg yorg)
       (call eval-pla-or-column-cell (trans xorg yorg))
       (do ((y 0 (+ y 1))
	    (bitfield0 (get (mostcar bitname0) 'eval))
	    (bitfield1 (get (mostcar bitname1) 'eval))
	    (maxy (// (+ 2 (get 'eval 'maxindex)) 2)))
	   ((= y maxy))
	   (let ((bit00 (xor (atom bitname0)
			     (zerop (boole 1 bitfield0 (arraycall t eval (* y 2))))))
		 (bit01 (xor (atom bitname0)
			     (zerop (boole 1 bitfield0 (arraycall t eval (+ (* y 2) 1))))))
		 (bit10 (xor (atom bitname0)
			     (zerop (boole 1 bitfield1 (arraycall t eval (* y 2))))))
		 (bit11 (xor (atom bitname0)
			     (zerop (boole 1 bitfield1 (arraycall t eval (+ (* y 2) 1)))))))
		(and (not bit00) (not bit01) (not bit10) bit11 
		     (call pla-or-0001-flash (trans xorg (+ yorg (* y -14) -29))))
		(and (not bit00) (not bit01) bit10 (not bit11) 
		     (call pla-or-0010-flash (trans xorg (+ yorg (* y -14) -29))))
		(and (not bit00) (not bit01) bit10 bit11 
		     (call pla-or-0011-flash (trans xorg (+ yorg (* y -14) -29))))
		(and (not bit00) bit01 (not bit10) (not bit11) 
		     (call pla-or-0100-flash (trans xorg (+ yorg (* y -14) -29))))
		(and (not bit00) bit01 (not bit10) bit11 
		     (call pla-or-0101-flash (trans xorg (+ yorg (* y -14) -29))))
		(and (not bit00) bit01 bit10 (not bit11) 
		     (call pla-or-0110-flash (trans xorg (+ yorg (* y -14) -29))))
		(and (not bit00) bit01 bit10 bit11 
		     (call pla-or-0111-flash (trans xorg (+ yorg (* y -14) -29))))
		(and bit00 (not bit01) (not bit10) (not bit11) 
		     (call pla-or-1000-flash (trans xorg (+ yorg (* y -14) -29))))
		(and bit00 (not bit01) (not bit10) bit11 
		     (call pla-or-1001-flash (trans xorg (+ yorg (* y -14) -29))))
		(and bit00 (not bit01) bit10 (not bit11) 
		     (call pla-or-1010-flash (trans xorg (+ yorg (* y -14) -29))))
		(and bit00 (not bit01) bit10 bit11 
		     (call pla-or-1011-flash (trans xorg (+ yorg (* y -14) -29))))
		(and bit00 bit01 (not bit10) (not bit11) 
		     (call pla-or-1100-flash (trans xorg (+ yorg (* y -14) -29))))
		(and bit00 bit01 (not bit10) bit11 
		     (call pla-or-1101-flash (trans xorg (+ yorg (* y -14) -29))))
		(and bit00 bit01 bit10 (not bit11) 
		     (call pla-or-1110-flash (trans xorg (+ yorg (* y -14) -29))))
		(and bit00 bit01 bit10 bit11
		     (call pla-or-1111-flash (trans xorg (+ yorg (* y -14) -29)))))))

(define eval-pla
	(let ((maxy (// (+ 2 (get 'eval 'maxindex)) 2)))
	     (call eval-probe-mux
		   (mirror y)
		   (trans (+ 29 (* 14 6) 16)
			  (+ -29 (* maxy -14) -68 -121)))
	     (call eval-pla-random-metal)
	     (call pla-gnd-cuts (trans 388 0))
	     (call eval-state-dispatch (mirror y)
		   (trans 16 (+ -29 (* maxy -14) -10 -53 -222 29)))
	     (call state-merge (mirror y) (trans 2 (+ -29 (* maxy -14) -10 -53 -222)))
	     (call eval-state-merge-randomness
		   (mirror y) (trans 2 (+ -29 (* maxy -14) -10 -53 -222)))
	     (do ((y 0 (+ y 1)))
		 ((= y maxy))
		 (call 12 (trans 0 (+ -29 (* y -14)))))	;AND PullupPairs
	     (do ((x 0 (+ x 1))
		  (z '(eostate5 eostate4 eostate3 eostate2 eostate1 eostate0) (cdr z)))
		 ((= x 6))
		 (eval-pla-and-column (car z) (oddp x) (+ 29 (* x 14)) 0))
	     (do ((x 0 (+ x 2)))
		 ((= x 6))
		 (call 16 (trans (+ 44 (* x 14)) (+ -29 -10 (* -14 maxy)))))	;PlaInPair
	     (do ((y 0 (+ y 1)))
		 ((= y maxy))
		 (call 13 (trans (+ 29 (* 14 6)) (+ -29 (* y -14)))))	;PlaConnect
	     (do ((x 0 (+ x 1))
		  (z '(enstate0 eostate0 enstate1 eostate1 enstate2 eostate2
				(enstate3) eostate3 (enstate4) eostate4 (enstate5) eostate5
				et-disp eaz-etz-eqv-disp ldx rdx rdx+ ldv rdv
				ldn rdn ldl rdl ldc rdc ea-lit et-lit lit0 lit1 lit2
				gcop0 gcop1 gcop2 gcop3)
		     (cddr z)))
		 ((= x 17))
		 (eval-pla-or-column (car z) (cadr z) (+ 29 (* 14 6) 16 (* x 14)) 0))
	     (do ((y 0 (+ y 1)))
		 ((= y maxy))
		 (call 199 (mirror y) (rotate 0 -1)
		       (trans (+ 29 (* 14 6) 16 (* 17 14))
			      (+ -29 (* y -14)))))))		;SteelePlaGround

(layout gc-pla-random-metal (0 0) =
	(poly (323 430 0 4) (425 430 0 28) (425 437 22 28))	;WRITE
	(diff (328 354 29 365))
	(metal (9 17 9 394) (17 335 9 17) (17 114 388 394)	;VDD left
	       (335 343 9 433) (129 335 403 411)		;VDD right
	       (133 335 424 433) (327 336 -10 9)
	       (346 354 9 365) (354 434 85 105)		;GND right for tying through diff
	       (113 126 22 26) (122 126 26 29)		;GND top middle
	       (328 332 365 389) (126 328 382 389)	;GND lower right
	       (122 126 365 368) (117 126 368 413)	;GND lower middle...
	       (113 119 368 372) (9 119 406 413)))

(define gc-pla-and-column-cell
	(call 199 (mirror y) (trans 0 -29))		;SteelePlaGround
	(do ((y 0 (+ y 1))
	     (maxy (// (+ 2 (get 'gc 'maxindex)) 2)))
	    ((= y maxy)
	     (call 14 (trans 0 (+ -29 (* -14 maxy)))))	;PlaGround
	    (call 11 (trans 0 (+ -29 (* y -14))))))	;PlaCellPair

(defun gc-pla-and-column (bitname parity xorg yorg)	;parity = nil for left of PlaInPair
       (call gc-pla-and-column-cell (trans xorg yorg))
       (do ((y 0 (+ y 1))
	    (bitfield (get bitname 'gc))
	    (maxy (// (+ 2 (get 'gc 'maxindex)) 2)))
	   ((= y maxy))
	   (let ((bit0 (not (zerop (boole 1 bitfield (arraycall t gc (* y 2))))))
		 (bit1 (not (zerop (boole 1 bitfield (arraycall t gc (+ (* y 2) 1)))))))
		(cond ((or (and bit0 parity) (and (not bit0) (not parity)))
		       (call pla-flash (trans (+ xorg 4)
					      (+ yorg -29 (* y -14) -9))))
		      (t (call pla-flash (trans (+ xorg 10)
						(+ yorg -29 (* y -14) -9)))))
		(cond ((or (and bit1 parity) (and (not bit1) (not parity)))
		       (call pla-flash (trans (+ xorg 4)
					      (+ yorg -29 (* y -14) -2))))
		      (t (call pla-flash (trans (+ xorg 10)
						(+ yorg -29 (* y -14) -2))))))))

(define gc-pla-or-column-cell
	(call 12 (rotate 0 -1) (trans 14 0))		;PullupPair
	(do ((y 0 (+ y 1))
	     (maxy (// (+ 2 (get 'gc 'maxindex)) 2)))
	    ((= y maxy)
	     (call 17 (trans 0 (+ -29 (* -14 maxy)))))	;PlaOut
	    (call 11 (rotate 0 -1)
		  (trans 14 (+ -29 (* y -14))))))	;PlaCellPair

(defun gc-pla-or-column (bitname0 bitname1 xorg yorg)
       (call gc-pla-or-column-cell (trans xorg yorg))
       (do ((y 0 (+ y 1))
	    (bitfield0 (get (mostcar bitname0) 'gc))
	    (bitfield1 (get (mostcar bitname1) 'gc))
	    (maxy (// (+ 2 (get 'gc 'maxindex)) 2)))
	   ((= y maxy))
	   (let ((bit00 (xor (atom bitname0)
			     (zerop (boole 1 bitfield0 (arraycall t gc (* y 2))))))
		 (bit01 (xor (atom bitname0)
			     (zerop (boole 1 bitfield0 (arraycall t gc (+ (* y 2) 1))))))
		 (bit10 (xor (atom bitname0)
			     (zerop (boole 1 bitfield1 (arraycall t gc (* y 2))))))
		 (bit11 (xor (atom bitname0)
			     (zerop (boole 1 bitfield1 (arraycall t gc (+ (* y 2) 1)))))))
		(and (not bit00) (not bit01) (not bit10) bit11 
		     (call pla-or-0001-flash (trans xorg (+ yorg (* y -14) -29))))
		(and (not bit00) (not bit01) bit10 (not bit11) 
		     (call pla-or-0010-flash (trans xorg (+ yorg (* y -14) -29))))
		(and (not bit00) (not bit01) bit10 bit11 
		     (call pla-or-0011-flash (trans xorg (+ yorg (* y -14) -29))))
		(and (not bit00) bit01 (not bit10) (not bit11) 
		     (call pla-or-0100-flash (trans xorg (+ yorg (* y -14) -29))))
		(and (not bit00) bit01 (not bit10) bit11 
		     (call pla-or-0101-flash (trans xorg (+ yorg (* y -14) -29))))
		(and (not bit00) bit01 bit10 (not bit11) 
		     (call pla-or-0110-flash (trans xorg (+ yorg (* y -14) -29))))
		(and (not bit00) bit01 bit10 bit11 
		     (call pla-or-0111-flash (trans xorg (+ yorg (* y -14) -29))))
		(and bit00 (not bit01) (not bit10) (not bit11) 
		     (call pla-or-1000-flash (trans xorg (+ yorg (* y -14) -29))))
		(and bit00 (not bit01) (not bit10) bit11 
		     (call pla-or-1001-flash (trans xorg (+ yorg (* y -14) -29))))
		(and bit00 (not bit01) bit10 (not bit11) 
		     (call pla-or-1010-flash (trans xorg (+ yorg (* y -14) -29))))
		(and bit00 (not bit01) bit10 bit11 
		     (call pla-or-1011-flash (trans xorg (+ yorg (* y -14) -29))))
		(and bit00 bit01 (not bit10) (not bit11) 
		     (call pla-or-1100-flash (trans xorg (+ yorg (* y -14) -29))))
		(and bit00 bit01 (not bit10) bit11 
		     (call pla-or-1101-flash (trans xorg (+ yorg (* y -14) -29))))
		(and bit00 bit01 bit10 (not bit11) 
		     (call pla-or-1110-flash (trans xorg (+ yorg (* y -14) -29))))
		(and bit00 bit01 bit10 bit11
		     (call pla-or-1111-flash (trans xorg (+ yorg (* y -14) -29)))))))

(define gc-pla
	(let ((maxy (// (+ 2 (get 'gc 'maxindex)) 2)))
	     (call gc-probe-mux
		   (mirror y)
		   (trans (+ 29 (* 14 6) 16)
			  (+ -29 (* maxy -14) -68 -121)))
	     (call gc-pla-random-metal)
	     (call pla-gnd-cuts (trans 346 0))
	     (call gc-state-dispatch (mirror y)
		   (trans 8 (+ -29 (* maxy -14) -10 -53 -222 29)))
	     (call state-merge (mirror y) (trans 2 (+ -29 (* maxy -14) -10 -53 -222)))
	     (call gc-state-merge-randomness
		   (mirror y) (trans 2 (+ -29 (* maxy -14) -10 -53 -222)))
	     (do ((y 0 (+ y 1)))
		 ((= y maxy))
		 (call 12 (trans 0 (+ -29 (* y -14)))))	;AND PullupPairs
	     (do ((x 0 (+ x 1))
		  (z '(gostate5 gostate4 gostate3 gostate2 gostate1 gostate0) (cdr z)))
		 ((= x 6))
		 (gc-pla-and-column (car z) (oddp x) (+ 29 (* x 14)) 0))
	     (do ((x 0 (+ x 2)))
		 ((= x 6))
		 (call 16 (trans (+ 44 (* x 14)) (+ -29 -10 (* -14 maxy)))))	;PlaInPair
	     (do ((y 0 (+ y 1)))
		 ((= y maxy))
		 (call 13 (trans (+ 29 (* 14 6)) (+ -29 (* y -14)))))	;PlaConnect
	     (do ((x 0 (+ x 1))
		  (z '(gnstate0 gostate0 gnstate1 gostate1 (gnstate2) gostate2
				(gnstate3) gostate3 (gnstate4) gostate4 (gnstate5) gostate5
				gcop-disp ga-zero-disp (step-eval) conn-i conn-ea conn-et
				rdp+ rdp ldp ldq rdq ldr rdr lds write adr)
		     (cddr z)))
		 ((= x 14))
		 (gc-pla-or-column (car z) (cadr z) (+ 29 (* 14 6) 16 (* x 14)) 0))
	     (do ((y 0 (+ y 1)))
		 ((= y maxy))
		 (call 199 (mirror y) (rotate 0 -1)
		       (trans (+ 29 (* 14 6) 16 (* 14 14))
			      (+ -29 (* y -14)))))))		;SteelePlaGround

(layout copyright (219 21) =
	(metal (3 18 0 3) (3 18 18 21) (0 3 3 18) (18 21 3 18)	;(C)
	       (6 15 6 9) (6 9 6 15) (6 15 12 15)
	       (24 27 0 21)				;1
	       (30 39 0 3) (30 33 0 12) (30 39 9 12)	;9
	       (36 39 0 21) (30 39 18 21)
	       (42 51 0 3) (48 51 0 12) (45 48 9 21)	;7
	       (54 63 0 3) (54 63 9 12) (54 63 18 21)	;8
	       (54 57 0 21) (60 63 0 21)
	       (69 81 0 3) (69 72 0 21) (69 81 18 21)	;G
	       (78 81 9 21) (75 78 9 12)
	       (84 87 0 21) (90 93 0 21) (87 90 18 21)	;U
	       (96 99 0 12) (102 105 0 12) (99 102 9 21)	;Y
	       (111 114 0 21) (111 120 18 21)		;L
	       (126 135 0 3) (126 135 9 12) (126 135 18 21)	;S
	       (126 129 0 12) (132 135 9 21)
	       (138 147 0 3) (141 144 0 21)		;T
	       (150 159 0 3) (150 159 9 12) (150 159 18 21) (150 153 0 21)	;E
	       (162 171 0 3) (162 171 9 12) (162 171 18 21) (162 165 0 21)	;E
	       (174 177 0 21) (174 183 18 21)		;L
	       (186 195 0 3) (186 195 9 12) (186 195 18 21) (186 189 0 21)	;E
	       (201 204 12 21) (201 210 18 21) (207 210 0 21)	;J
	       (213 216 0 21) (213 222 0 3) (219 222 0 9)	;R
	       (213 219 9 12) (219 222 12 21)))

(layout simple-logo (69 21) =
	(metal (0 9 0 3) (0 9 9 12) (0 9 18 21)			;S
	       (0 3 0 12) (6 9 9 21)
	       (12 15 0 21)					;I
	       (18 21 0 21) (24 27 0 21) (30 33 0 21) (18 33 0 3)	;M
	       (36 39 0 21) (42 45 0 12) (36 45 0 3) (36 45 9 12)	;P
	       (48 51 0 21) (48 57 18 21)			;L
	       (60 63 0 21) (60 69 0 3) (60 69 9 12) (60 69 18 21)))	;E

(layout probe-control-pullup (10 30) =
	(poly (2 8 13 22))
	(diff (6 8 -100 12) (3 7 10 14) (4 6 14 30))
	(metal (3 7 10 16))
	(cuts (5 13 V))
	(implant (4 6 13 18)))

(define probe-control-pullup-set			;origin this at X=920
	(call probe-control-pullup (mirror x) (trans 16 0))
	(call probe-control-pullup (trans 16 0))
	(call probe-control-pullup (mirror x) (trans 35 0))
	(call probe-control-pullup (trans 35 0))
	(call probe-control-pullup (mirror x) (trans 54 0))
	(call probe-control-pullup (trans 54 0))
	(call probe-control-pullup (mirror x) (trans 73 0)))

(layout probe-control-prog-flash (0 0) =
	(poly (-5 5 0 4) (3 5 0 11))
	(diff (-2 2 5 11) (2 6 5 9))
	(cuts (0 9 S) (-3 2 S) (3 2 S)))

(layout probe-control-inverter-vdd (0 0) =
	(diff (8 20 0 2) (20 80 0 6) (8 10 0 12))
	(cuts (77 3 H) (69 3 H) (61 3 H)))

(layout probe-control-inverter (0 0) =
	(poly (6 12 1 10) (1 9 16 18) (6 9 16 20))
	(diff (8 10 0 9) (7 11 9 13) (3 11 11 13)
	      (3 5 11 27) (3 12 23 27) (8 20 16 20))
	(metal (7 11 7 13) (0 11 10 13) (0 3 10 34)
	       (6 12 16 20) (6 15 23 27))
	(cuts (9 10 V) (9 18 H) (9 25 H))
	(implant (8 10 1 10)))

(layout probe-control-randomness (0 0) =
	(poly (928 932 940 943) (947 951 940 943) (966 970 940 943) (985 989 940 943)
	      (835 837 10 502) (835 888 500 502) (886 888 500 722)	;-PROBE...
	      (886 902 720 722) (900 902 720 942) (900 928 940 942)
	      (894 896 570 716) (894 910 714 716) (908 910 714 936)	;PCB
	      (908 950 934 936) (948 950 934 940)
	      (902 904 570 710) (902 918 708 710) (916 918 708 930)	;PCD
	      (916 969 928 930) (967 969 928 940)
	      (910 912 570 704) (910 926 702 704) (924 926 702 924)	;PCF
	      (924 988 922 924) (986 988 922 940)
)
	(diff (998 1050 1218 1224) (994 998 1218 1260) (930 998 1256 1260)	;VDD
	      (928 932 942 946) (947 951 942 946) (966 970 942 946) (985 989 942 946)
	      (928 930 946 1220)				;-PROBE
	      (942 944 937 1220) (904 944 937 939) (904 906 717 939)	;PCA...
	      (890 906 717 719) (890 892 570 719)
	      (947 949 946 1220)				;PCB
	      (961 963 931 1220) (912 963 931 933) (912 914 711 933)	;PCC...
	      (898 914 711 713) (898 900 570 713)
	      (966 968 946 1220)				;PCD
	      (980 982 925 1220) (920 982 925 927) (920 922 705 927)	;PCE...
	      (906 922 705 707) (906 908 570 707)
	      (985 987 946 1220)				;PCF
	      (994 1005 1034 1038)				;PC2
	      (994 1005 1110 1114)				;PC1
	      (994 1005 1185 1189)				;PC0
)
	(metal (931 998 1018 1022)				;-PC2
	       (934 1005 1025 1029)				;GND
	       (931 998 1034 1038)				;PC2
	       (934 1005 1041 1045)				;GND
	       (931 998 1090 1094)				;-PC1
	       (934 1005 1097 1101)				;GND
	       (931 998 1110 1114)				;PC1
	       (934 1005 1117 1121)				;GND
	       (931 998 1170 1174)				;-PC0
	       (934 1005 1177 1181)				;GND
	       (931 998 1185 1189)				;PC0
	       (934 1005 1192 1196)				;GND
	       (928 932 940 946) (947 951 940 946)		;-PROBE,PCB
	       (966 970 940 946) (985 989 940 946)		;PCD,PCF
)
	(cuts (996 1036 S) (996 1112 S) (996 1187 S)		;PC2,PC1,PC0
	      (930 943 V) (949 943 V) (968 943 V) (987 943 V)	;-PROBE,PCB,PCD,PCF
)
)

(define probe-control
	(call probe-control-randomness)
	(call probe-control-pullup-set (trans 920 -1230))
	(do ((y 0 (+ y 1)))
	    ((= y 3))
	    (call probe-control-inverter-vdd (trans (- 1002 15) (+ -978 (* y -80)))))
	(call probe-control-inverter (trans (- 1002 15) -988))
	(call probe-control-inverter (trans (- 1002 15) -1060))
	(call probe-control-inverter (trans (- 1002 15) -1140))
	(call probe-control-prog-flash (mirror x) (trans 936 -1034))
	(call probe-control-prog-flash (trans 936 -1018))
	(call probe-control-prog-flash (mirror x) (trans 955 -1034))
	(call probe-control-prog-flash (trans 955 -1018))
	(call probe-control-prog-flash (mirror x) (trans 974 -1018))
	(call probe-control-prog-flash (trans 974 -1034))
	(call probe-control-prog-flash (mirror x) (trans 993 -1018))
	(call probe-control-prog-flash (mirror x) (trans 936 -1110))
	(call probe-control-prog-flash (trans 936 -1110))
	(call probe-control-prog-flash (mirror x) (trans 955 -1090))
	(call probe-control-prog-flash (trans 955 -1090))
	(call probe-control-prog-flash (mirror x) (trans 974 -1110))
	(call probe-control-prog-flash (trans 974 -1090))
	(call probe-control-prog-flash (mirror x) (trans 993 -1090))
	(call probe-control-prog-flash (mirror x) (trans 936 -1185))
	(call probe-control-prog-flash (trans 936 -1185))
	(call probe-control-prog-flash (mirror x) (trans 955 -1185))
	(call probe-control-prog-flash (trans 955 -1185))
	(call probe-control-prog-flash (mirror x) (trans 974 -1170))
	(call probe-control-prog-flash (trans 974 -1170))
	(call probe-control-prog-flash (mirror x) (trans 993 -1170)))
