;;; -*-LISP-*-

;;; Rectangle = (<left-x> <right-x> <top-y> <bot-y>)
;;; For implant, OMIT the 1 1/2 lambda margin -- just specify transistor area.
;;; For cuts, just give center of cut, plus H (horiz),  (vert), or S (square).

(comment register cell definitions)

(layout regcell (42 40) =
	(poly (3 5 0 12) (5 7 10 20) (3 5 18 40)	;PHI1*LD
	      (7 11 26 29) (9 11 29 30) (9 20 30 32)
	      (13 19 17 26) (19 21 24 26) (19 27 26 28)
	      (21 27 16 22)
	      (29 31 -1 40)				;PHI2
	      (37 39 0 12) (35 37 10 20) (37 39 18 40))	;PHI1*RD
	(diff (0 8 13 17) (8 10 1 23) (7 11 23 27) (10 32 1 3)
	      (32 34 1 21) (32 36 21 25) (34 42 13 17)
	      (14 26 6 10) (15 17 10 25) (14 18 25 37) (18 26 33 37)
	      (22 25 25 33) (22 26 21 25) (23 25 10 21))
	(metal (0 42 6 10)				;VDD
	       (0 42 13 16) (0 4 13 17) (38 42 13 17)	;BUS
	       (7 11 23 29)
	       (14 18 23 29)
	       (22 26 19 25) (26 32 22 25) (32 36 21 25)
	       (0 42 33 37))				;GND
	(cuts (2 15 S) (16 8 S) (24 8 S) (40 15 S) (9 26 V) (16 26 V)
              (24 22 V) (34 23 S) (16 35 S) (24 35 S))
	(implant (15 17 17 26) (23 25 16 22)))

(layout regout (42 40) =
	(poly (3 5 0 12) (5 7 10 20) (3 5 18 40)	;PHI1*LD
	      (7 11 26 29) (9 11 29 30) (9 20 30 32)
	      (13 19 17 26) (19 21 24 26) (19 27 26 28)
	      (21 27 16 22)
	      (29 31 -1 40))				;PHI2
	(diff (0 8 13 17) (8 10 1 23) (7 11 23 27) (10 32 1 3)
	      (32 34 1 21) (32 36 21 25)
	      (14 26 6 10) (15 17 10 25) (14 18 25 37) (18 26 33 37)
	      (22 25 25 33) (22 26 21 25) (23 25 10 21))
	(metal (0 42 6 10)				;VDD
	       (0 4 13 17)				;BUS
	       (7 11 23 29)
	       (14 18 23 29)
	       (22 26 19 25) (26 32 22 25) (32 36 21 25)
	       (0 26 33 37))				;GND
	(cuts (2 15 S) (16 8 S) (24 8 S) (9 26 V) (16 26 V)
              (24 22 V) (34 23 S) (16 35 S) (24 35 S))
	(implant (15 17 17 26) (23 25 16 22)))

(layout reginc (85 39) =
	(poly (3 5 0 12) (5 7 10 20) (3 5 18 40)	;PHI1*LD
	      (7 11 27 30) (9 11 30 32) (9 20 32 34)
	      (12 20 17 25) (17 20 25 30) (20 26 28 30)	;PULLUP
	      (20 27 10 15) (25 27 15 19) (24 27 19 23)	;PULLUP
	      (29 31 -1 40)				;PHI2
	      (37 39 0 40)				;PHI1*RD
	      (41 43 0 12) (43 45 10 12) (45 47 10 20)	;PHI1*RD+...
	      (43 45 18 20) (41 43 18 40)
	      (51 53 -1 19) (53 71 -1 1) (71 73 -3 1)	;-CIN
	      (46 53 22 24) (51 59 24 26) (59 61 3 37)	;CIN...
	      (61 83 3 5) (83 85 -3 5)
	      (63 67 26 30) (63 65 30 37)		;Q
	      (63 66 14 23) (66 71 14 18) (71 73 14 37) (73 81 28 30)	;-COUT
	      (72 80 9 12) (77 80 12 24) (80 85 22 24) (83 85 24 37))	;COUT
	(diff (0 8 13 17) (7 11 24 28) (8 10 1 24) (10 34 1 3)
	      (32 34 3 20) (32 36 20 24) (34 44 13 17)
	      (13 19 6 10) (14 16 10 26) (14 18 26 37) (18 21 35 37)
	      (21 27 33 37) (21 24 16 33) (24 25 19 23) (22 24 6 16)
	      (19 24 6 8)
	      (44 57 13 17) (48 50 17 26) (46 50 26 30) (55 57 17 19)
	      (54 58 19 23)
	      (51 57 33 37) (55 70 31 35) (68 70 23 31) (65 70 19 23)
	      (67 69 10 19) (64 70 6 10) (70 76 6 8) (74 76 8 20)
	      (74 78 20 26) (74 79 26 33) (74 80 33 37))
	(metal (0 85 6 10)				;VDD
	       (0 85 13 16) (0 4 13 17) (40 44 13 17)	;BUS
	       (7 11 24 30)
	       (14 20 26 30) (20 46 27 30) (46 50 26 30)	;-Q
	       (21 27 19 23) (27 54 20 23) (32 36 20 24)	;Q...
	       (34 38 20 23) (54 58 19 23) (54 57 23 27) (54 63 27 30) (63 67 26 30)
	       (63 69 19 23)
	       (74 80 20 24)
	       (0 85 33 37))				;GND
	(cuts (16 8 H) (67 8 H)				;VDD
	      (2 15 S) (42 15 S)			;BUS
	      (24 21 H) (34 22 S) (56 21 S) (65 28 S)	;Q
	      (9 27 V)
	      (17 28 H) (48 28 S)			;-Q
	      (66 21 H)
	      (77 22 H)
	      (24 35 H) (54 35 H) (77 35 H))		;GND
	(implant (14 16 17 25) (22 24 10 15) (67 69 14 18) (74 76 9 12)))

(layout reginc-carry-1 (85 39) =
	(poly (3 5 0 12) (5 7 10 20) (3 5 18 40)	;PHI1*LD
	      (7 11 27 30) (9 11 30 32) (9 20 32 34)
	      (12 20 17 25) (17 20 25 30) (20 26 28 30)	;PULLUP
	      (20 27 10 15) (25 27 15 19) (24 27 19 23)	;PULLUP
	      (29 31 -1 40)				;PHI2
	      (37 39 0 40)				;PHI1*RD
	      (41 43 0 12) (43 45 10 12) (45 47 10 20)	;PHI1*RD+...
	      (43 45 18 20) (41 43 18 40)
	      (63 67 26 30) (63 65 30 37)		;Q
	      (63 66 14 23) (66 71 14 18) (71 73 14 37) (73 81 28 30)	;-COUT
	      (72 80 9 12) (77 80 12 24) (80 85 22 24) (83 85 24 37))	;COUT
	(diff (0 8 13 17) (7 11 24 28) (8 10 1 24) (10 34 1 3)
	      (32 34 3 20) (32 36 20 24) (34 44 13 17)
	      (13 19 6 10) (14 16 10 26) (14 18 26 37) (18 21 35 37)
	      (21 27 33 37) (21 24 16 33) (24 25 19 23) (22 24 6 16)
	      (19 24 6 8)
	      (44 50 13 17) (48 50 17 26) (46 50 26 30)
	      (51 57 33 37) (55 70 31 35) (68 70 23 31) (65 70 19 23)
	      (67 69 10 19) (64 70 6 10) (70 76 6 8) (74 76 8 20)
	      (74 78 20 26) (74 79 26 33) (74 80 33 37))
	(metal (0 85 6 10)				;VDD
	       (0 85 13 16) (0 4 13 17) (40 44 13 17)	;BUS
	       (7 11 24 30)
	       (14 20 26 30) (20 46 27 30) (46 50 26 30)	;-Q
	       (21 27 19 23) (27 54 20 23) (32 36 20 24)	;Q...
	       (34 38 20 23) (54 58 19 23) (54 57 23 27) (54 63 27 30) (63 67 26 30)
	       (63 69 19 23)
	       (74 80 20 24)
	       (0 85 33 37))				;GND
	(cuts (16 8 H) (67 8 H)				;VDD
	      (2 15 S) (42 15 S)			;BUS
	      (24 21 H) (34 22 S) (65 28 S)		;Q
	      (9 27 V)
	      (17 28 H) (48 28 S)			;-Q
	      (66 21 H)
	      (77 22 H)
	      (24 35 H) (54 35 H) (77 35 H))		;GND
	(implant (14 16 17 25) (22 24 10 15) (67 69 14 18) (74 76 9 12)))

(layout regnoinc (85 39) =
	(poly (3 5 0 12) (5 7 10 20) (3 5 18 40)	;PHI1*LD
	      (7 11 27 30) (9 11 30 32) (9 20 32 34)
	      (12 20 17 25) (17 20 25 30) (20 26 28 30)	;PULLUP
	      (20 27 10 15) (25 27 15 19) (24 27 19 23)	;PULLUP
	      (29 31 0 40)				;PHI2
	      (37 39 0 40)				;PHI1*RD
	      (41 43 0 12) (43 45 10 12) (45 47 10 20)	;PHI1*RD+...
	      (43 45 18 20) (41 43 18 40))
	(diff (0 8 13 17) (7 11 24 28) (8 10 1 24) (10 34 1 3)
	      (32 34 3 20) (32 36 20 24) (34 44 13 17)
	      (13 19 6 10) (14 16 10 26) (14 18 26 37) (18 21 35 37)
	      (21 27 33 37) (21 24 16 33) (24 25 19 23) (22 24 6 16)
	      (19 24 6 8)
	      (44 57 13 17) (55 57 17 19) (54 58 19 23))
	(metal (0 85 6 10)				;VDD
	       (0 85 13 16) (0 4 13 17) (40 44 13 17)	;BUS
	       (7 11 24 30)
	       (14 20 26 30)				;-Q
	       (21 27 19 23) (27 54 20 23) (32 36 20 24)	;Q...
	       (34 38 20 23) (54 58 19 23)
	       (0 85 33 37))				;GND
	(cuts (16 8 H)					;VDD
	      (2 15 S) (42 15 S)			;BUS
	      (24 21 H) (34 22 S) (56 21 S)		;Q
	      (9 27 V)
	      (17 28 H)					;-Q
	      (24 35 H))				;GND
	(implant (14 16 17 25) (22 24 10 15)))

(layout zeroinc (85 39) =
	(poly (3 5 0 12) (5 7 10 20) (3 5 18 40)	;PHI1*LD
	      (29 31 0 40)				;PHI2
	      (37 39 0 40)				;PHI1*RD
	      (41 43 0 12) (43 45 10 12) (45 47 10 20)	;PHI1*RD+...
	      (43 45 18 20) (41 43 18 40))
	(diff (32 50 13 17) (32 36 17 37) (50 56 13 37))
	(metal (0 85 6 10)				;VDD
	       (0 85 13 16) (40 44 13 17)		;BUS
	       (0 85 33 37))				;GND
	(cuts (42 15 S)					;BUS
	      (34 35 S) (53 35 H)))			;GND

(layout clocked-phase1-driver (21 53) =
	(poly (1 3 0 13) (1 7 13 17)			;PHI1*X
	      (5 18 5 11)				;SUPERBUFFER PULLUP
	      (2 18 19 21) (2 4 21 43) (2 5 38 42) (2 10 43 48)	;-(PHI*X)
	      (7 17 30 32) (17 21 29 33)		;PHI1
	      (7 18 35 37) (16 18 37 53))		;X
	(diff (7 16 0 4) (7 10 4 13) (6 10 13 22) (6 16 22 26)
	      (13 16 17 22) (13 17 10 17) (14 16 4 10)
	      (9 15 26 42) (4 10 38 42) (6 8 42 49) (4 10 49 53))
	(metal (0 21 0 4)				;VDD
	       (4 10 13 17) (13 17 8 14)
	       (0 21 22 26)				;GND
	       (0 21 29 32) (17 21 29 33)		;PHI1
	       (2 8 38 42)
	       (0 21 49 53))				;VDD
	(cuts (9 2 S) (14 2 S)				;VDD
	      (7 15 H) (15 11 V)
	      (8 24 S) (14 24 S)			;GND
	      (19 31 S)					;PHI1
	      (5 40 H)
	      (7 51 H))					;VDD
	(implant (7 10 5 11) (14 16 5 11) (6 8 43 48)))

(layout phase2-driver (38 20) =
	(poly (7 9 0 8) (5 9 8 12)			;PHI2
	      (16 25 -2 0) (16 18 0 10) (15 16 2 6) (11 18 10 14)
	      (20 27 8 14) (26 30 8 12)			;PHI2/PULLUP
	      (27 30 -1 5))				;BUFFERED PHI2
	(diff (13 15 9 15) (12 15 6 9) (4 16 2 6)
	      (4 6 -5 2) (6 23 -5 -3) (19 23 -3 3)
	      (22 28 1 5) (22 25 5 15) (13 25 15 17))
	(metal (0 38 9 12) (5 9 8 12) (26 30 8 12)	;PHI2
	       (12 18 2 6) (24 30 1 5))
	(cuts (7 10 S) (28 10 S) (15 4 H) (27 3 H))
	(implant (13 15 10 14) (22 25 8 14)))

(layout clocked-phase1-driver-bus-through (38 20) =
	(poly (1 3 0 15)))

(define regcell-driver
	(call phase2-driver (trans 2 0))
	(call clocked-phase1-driver-bus-through (trans 2 0))
	(call clocked-phase1-driver (trans 2 -15))
	(call clocked-phase1-driver-bus-through (mirror x) (trans 40 0))
	(call clocked-phase1-driver (mirror x) (trans 40 -15)))

(layout regout-driver-metal (21 53) =
	(metal (0 40 0 4) (0 40 49 53)))		;VDD

(define regout-driver
	(call phase2-driver (trans 2 0))
	(call clocked-phase1-driver-bus-through (trans 2 0))
	(call clocked-phase1-driver (trans 2 -15))
	(call regout-driver-metal (mirror x) (trans 40 -15)))

(layout reginc-driver-metal (85 53) =
	(metal (38 89 9 12)				;PHI2
	       (59 89 15 19)				;VDD
	       (59 89 37 41)				;GND
	       (59 89 44 47)				;PHI1
	       (59 89 64 68)))				;VDD

(define reginc-driver
	(call regcell-driver)
	(call clocked-phase1-driver-bus-through (trans 40 0))
	(call clocked-phase1-driver (trans 40 -15))
	(call reginc-driver-metal))

(layout bus-connect (130 40) =
	(poly (20 22 0 40) (30 32 0 40)			;EA-LIT, ET-LIT
	      (107 109 0 40) (115 117 0 40) (123 125 0 40))	;CONN-I, CONN-EA, CONN-ET
	(diff (41 43 10 50) (47 49 10 50) (53 55 10 50)	;LIT0, LIT1, LIT2
	      (100 106 0 30) (106 114 24 30))
	(metal (0 52 6 10) (46 122 8 12) (116 134 6 10)	;VDD
	       (0 42 13 16) (38 110 15 18)		;E BUS...
	       (110 114 15 21) (14 18 16 28)
	       (110 114 24 30) (114 126 24 28) (126 130 13 28) (130 134 13 16)	;G BUS
	       (0 134 33 37))				;GND
	(cuts (112 27 V)))

(layout bus-connect-metal-I (116 40) =
	(metal (0 100 0 3) (100 106 0 4))			;I BUS
	(cuts (103 2 H)))

(layout bus-connect-diff-I (116 40) =
	(diff (0 106 -5 -2) (100 106 -2 0)))		;I BUS

(layout bus-connect-a (130 40) =
	(poly (90 96 15 19) (90 92 19 30))
	(diff (14 28 22 28) (110 122 15 21)
	      (86 88 10 50) (88 96 20 28) (94 96 28 33) (92 98 33 37))
	(metal (24 38 22 28) (118 126 15 21)
	       (90 96 15 19))
	(cuts (16 25 V) (26 25 V) (112 18 V) (120 18 V)
	      (93 17 H) (95 35 H)))

(layout bus-connect-t-once (130 40) =
	(poly (89 98 18 22) (96 98 22 36) (95 98 26 30) (92 98 34 36) (92 94 34 40))
	(diff (86 88 0 30) (91 97 8 12) (91 95 12 26) (88 96 26 30))
	(metal (92 98 26 30))
	(cuts (94 10 H) (95 28 H))
	(implant (91 95 18 22)))

(layout bus-connect-t (130 40) =
	(diff (24 38 22 28) (118 130 15 21))
	(metal (18 28 22 28) (34 38 22 28) (114 122 15 21))
	(cuts (26 25 V) (36 25 V) (120 18 V) (128 18 V)))

(layout bus-connect-lit-gnd (116 40) =
	(metal (34 38 28 33)))

(layout bus-connect-lit0 (116 40) =
	(diff (40 44 22 28))
	(metal (38 44 22 28))
	(cuts (42 25 V)))

(layout bus-connect-lit1 (116 40) =
	(diff (46 50 22 28))
	(metal (38 50 22 28))
	(cuts (48 25 V)))

(layout bus-connect-lit2 (116 40) =
	(diff (52 56 22 28))
	(metal (38 56 22 28))
	(cuts (54 25 V)))

(layout etz-cell (18 40) =
	(poly (3 11 13 17) (3 5 17 28)
	      (-5 -1 13 17) (-3 -1 17 32) (-12 -1 30 32)
	      (-19 -13 14 19)
	      (-20 -11 25 27) (-11 -5 19 27))
	(diff (0 2 0 40) (12 14 0 40) (5 9 29 37) (6 8 18 30) (2 6 18 26)
	      (-17 -7 6 10) (-17 -15 10 18) (-18 -14 18 33) (-18 -5 33 37)
	      (-10 -5 28 33) (-10 -6 26 28) (-9 -7 10 26))
	(metal (-5 22 13 17)				;BUS
	       (-18 -14 16 22) (-10 -6 24 30)
	       (5 9 29 37))				;GND
	(cuts (5 15 S) (9 15 S) (7 31 S) (7 35 S)
	      (-16 19 V) (-15 8 S) (-9 8 S) (-8 27 S) (-3 15 S) (-16 35 S) (-8 35 H))
	(implant (-17 -15 14 19) (-9 -7 19 27)))

(layout eaz-cell (18 40) =
	(poly (3 11 13 17) (9 11 17 28))
	(diff (0 2 0 40) (12 14 0 40) (5 9 29 37) (6 8 18 30) (8 12 18 26))
	(metal (0 22 13 17) (5 9 29 37))
	(cuts (5 15 S) (9 15 S) (7 31 S) (7 35 S)))

(layout eaz-etz-pullups-etc (18 68) =
	(poly (-44 -19 -106 -103) (-44 -42 -103 68)	;ET2
	      (-34 -19 -66 -63) (-34 -32 -63 68)	;ET1
	      (-24 -19 -26 -23) (-24 -22 -23 68)		;ET0
	      (-4 4 52 57) (-40 -36 51 55) (-39 -37 51 68)	;ETZ
	      (6 14 53 58) (-30 -26 58 62) (-29 -27 60 68))	;EAZ
	(diff (0 2 0 50)				;-ETZ
	      (12 14 0 52)				;-EAZ
	      (-2 2 49 68) (8 12 50 68) (0 10 64 68))
	(metal (0 22 9 12)				;PHI2
	       (0 22 37 41)				;GND
	       (0 22 44 47)				;PHI1
	       (-2 2 49 55) (-24 -2 51 55)		;ETZ
	       (8 12 50 58) (-10 8 58 61) (-14 -10 58 62)	;EAZ
	       (-2 22 64 68))				;VDD
	(cuts (0 53 V) (10 53 V) (0 66 S) (5 66 S)
	      (10 66 S) (-38 53 S) (-28 60 S))
	(implant (-2 2 53 58) (8 12 53 58)))
